#main.py --leave_one_out True
# GMT Mon Mar 15 02:15:50 2021
# 
0 1 2 82 56 58 60 61 68 70 36 38 39 41
1 2 83 56 60 61 67 69 244 251 252 257 258
2 80
3 4 5 6 7 8 9 10 11 12 13 14 15 16 17 18 204 164 182 221 46 103 43
4 5 6 7 8 9 10 11 12 13 14 15 16 17 18 212
5 6 7 8 9 10 11 12 13 14 15 16 17 18 216
6 7 8 9 10 11 12 13 14 15 16 17 18 209 164 182 46
7 8 9 10 11 12 13 14 15 16 17 18 208 221 103 43
8 9 10 11 12 13 14 15 16 17 18 215
9 10 11 12 13 14 15 16 17 18 207
10 11 12 13 14 15 16 17 18 219 164 182 46
11 12 13 14 15 16 17 18 211
12 13 14 15 16 17 18 217
13 14 15 16 17 18 210
14 15 16 17 18 214
15 16 17 18 206 164 182 221 46 103 43
16 17 18 205 164 182 221 46 103 43
17 18 220
18 213
19 20 21 22 23 24 25 26 27 28 29 30 31 32 33 34 35 204 164 182 221 103 43
20 21 22 23 24 25 26 27 28 29 30 31 32 33 34 35 216
21 22 23 24 25 26 27 28 29 30 31 32 33 34 35 212
22 23 24 25 26 27 28 29 30 31 32 33 34 35 209 164 182
23 24 25 26 27 28 29 30 31 32 33 34 35 208 221 103 43
24 25 26 27 28 29 30 31 32 33 34 35 218
25 26 27 28 29 30 31 32 33 34 35 215
26 27 28 29 30 31 32 33 34 35 219 164 182
27 28 29 30 31 32 33 34 35 217
28 29 30 31 32 33 34 35 207
29 30 31 32 33 34 35 211
30 31 32 33 34 35 210
31 32 33 34 35 214
32 33 34 35 205 164 182 221 103 43
33 34 35 220
34 35 206 164 182 221 103 43
35 213
36 37 38 39 40 41 42 204 164 183 74
37 38 39 40 41 42 212
38 39 40 41 42 216 183
39 40 41 42 207 183
40 41 42 206 164 74
41 42 220 183
42 205 164 74
43 44 81 184 189 195 197 105 112 114 117 56 62 67 69 118 125 126 130 244 253 257 258 228 240 241 242
44 85
45 46 47 48 82
46 47 48 83 184 187 190 195 197
47 48 81
48 80
49 50 51 52 53 54 55 79
50 51 52 53 54 55 80
51 52 53 54 55 81 166 178 179 180
52 53 54 55 82 86 88 92 94 95 100 101
53 54 55 83 86 92 100
54 55 84 86 100
55 85
56 57 58 59 60 61 62 63 64 65 66 67 68 69 70 71 204 164 182 183 200 199 74 223 221 103
57 58 59 60 61 62 63 64 65 66 67 68 69 70 71 212
58 59 60 61 62 63 64 65 66 67 68 69 70 71 216 183
59 60 61 62 63 64 65 66 67 68 69 70 71 210
60 61 62 63 64 65 66 67 68 69 70 71 219 164 182 183 200 74 223
61 62 63 64 65 66 67 68 69 70 71 209 164 182 183 200 74 223
62 63 64 65 66 67 68 69 70 71 208 199 221 103
63 64 65 66 67 68 69 70 71 217
64 65 66 67 68 69 70 71 211
65 66 67 68 69 70 71 215
66 67 68 69 70 71 214
67 68 69 70 71 206 164 182 200 199 74 223 221 103
68 69 70 71 220 183
69 70 71 205 164 182 200 199 74 223 221 103
70 71 207 183
71 213
72 73 74 75 76 77 78 81
73 74 75 76 77 78 82
74 75 76 77 78 83 244 251 252 257 258 134 140 144 145
75 76 77 78 80
76 77 78 79
77 78 85
78 84
79 202 225 204 205 206 211
80 203 222 204 205 206 219
81 103 199 221 204 205 206 208
82 183 201 224 204 207 216 219 220
83 164 182 200 223 204 205 206 209 219
84 165 226 204 219
85 104 227 204 219
86 87 88 89 90 91 92 93 94 95 96 97 98 99 100 101 102 204
87 88 89 90 91 92 93 94 95 96 97 98 99 100 101 102 212
88 89 90 91 92 93 94 95 96 97 98 99 100 101 102 216
89 90 91 92 93 94 95 96 97 98 99 100 101 102 210
90 91 92 93 94 95 96 97 98 99 100 101 102 214
91 92 93 94 95 96 97 98 99 100 101 102 215
92 93 94 95 96 97 98 99 100 101 102 209
93 94 95 96 97 98 99 100 101 102 208
94 95 96 97 98 99 100 101 102 220
95 96 97 98 99 100 101 102 218
96 97 98 99 100 101 102 217
97 98 99 100 101 102 205
98 99 100 101 102 211
99 100 101 102 206
100 101 102 219
101 102 207
102 213
103 104 184 189 195 197 105 112 114 117 149 154 156 160 134 141 144 145
104
105 106 107 108 109 110 111 112 113 114 115 116 117 204 200 199 223
106 107 108 109 110 111 112 113 114 115 116 117 212
107 108 109 110 111 112 113 114 115 116 117 216
108 109 110 111 112 113 114 115 116 117 211
109 110 111 112 113 114 115 116 117 219 200 223
110 111 112 113 114 115 116 117 217
111 112 113 114 115 116 117 210
112 113 114 115 116 117 205 200 199 223
113 114 115 116 117 220
114 115 116 117 206 200 199 223
115 116 117 215
116 117 213
117 208 199
118 119 120 121 122 123 124 125 126 127 128 129 130 131 132 133 204
119 120 121 122 123 124 125 126 127 128 129 130 131 132 133 212
120 121 122 123 124 125 126 127 128 129 130 131 132 133 216
121 122 123 124 125 126 127 128 129 130 131 132 133 210
122 123 124 125 126 127 128 129 130 131 132 133 215
123 124 125 126 127 128 129 130 131 132 133 219
124 125 126 127 128 129 130 131 132 133 209
125 126 127 128 129 130 131 132 133 208
126 127 128 129 130 131 132 133 206
127 128 129 130 131 132 133 214
128 129 130 131 132 133 220
129 130 131 132 133 217
130 131 132 133 205
131 132 133 211
132 133 207
133 213
134 135 136 137 138 139 140 141 142 143 144 145 146 147 148 204 164
135 136 137 138 139 140 141 142 143 144 145 146 147 148 212
136 137 138 139 140 141 142 143 144 145 146 147 148 216
137 138 139 140 141 142 143 144 145 146 147 148 215
138 139 140 141 142 143 144 145 146 147 148 214
139 140 141 142 143 144 145 146 147 148 210
140 141 142 143 144 145 146 147 148 209 164
141 142 143 144 145 146 147 148 208
142 143 144 145 146 147 148 211
143 144 145 146 147 148 217
144 145 146 147 148 205 164
145 146 147 148 206 164
146 147 148 220
147 148 207
148 213
149 150 151 152 153 154 155 156 157 158 159 160 161 162 163 204
150 151 152 153 154 155 156 157 158 159 160 161 162 163 216
151 152 153 154 155 156 157 158 159 160 161 162 163 209
152 153 154 155 156 157 158 159 160 161 162 163 215
153 154 155 156 157 158 159 160 161 162 163 207
154 155 156 157 158 159 160 161 162 163 208
155 156 157 158 159 160 161 162 163 220
156 157 158 159 160 161 162 163 205
157 158 159 160 161 162 163 210
158 159 160 161 162 163 217
159 160 161 162 163 211
160 161 162 163 206
161 162 163 219
162 163 214
163 212
164 165 244 251 252 257 258 184 187 190 195 197
165
166 167 168 169 170 171 172 173 174 175 176 177 178 179 180 181 204
167 168 169 170 171 172 173 174 175 176 177 178 179 180 181 212
168 169 170 171 172 173 174 175 176 177 178 179 180 181 216
169 170 171 172 173 174 175 176 177 178 179 180 181 214
170 171 172 173 174 175 176 177 178 179 180 181 217
171 172 173 174 175 176 177 178 179 180 181 210
172 173 174 175 176 177 178 179 180 181 211
173 174 175 176 177 178 179 180 181 209
174 175 176 177 178 179 180 181 215
175 176 177 178 179 180 181 207
176 177 178 179 180 181 219
177 178 179 180 181 220
178 179 180 181 206
179 180 181 205
180 181 208
181 213
182 183 184 187 190 195 197
183
184 185 186 187 188 189 190 191 192 193 194 195 196 197 198 204 221
185 186 187 188 189 190 191 192 193 194 195 196 197 198 212
186 187 188 189 190 191 192 193 194 195 196 197 198 216
187 188 189 190 191 192 193 194 195 196 197 198 209
188 189 190 191 192 193 194 195 196 197 198 207
189 190 191 192 193 194 195 196 197 198 208 221
190 191 192 193 194 195 196 197 198 219
191 192 193 194 195 196 197 198 215
192 193 194 195 196 197 198 217
193 194 195 196 197 198 211
194 195 196 197 198 220
195 196 197 198 206 221
196 197 198 210
197 198 205 221
198 213
199 200 201 202 203 228 240 241 242
200 201 202 203 228 233 235 240 242
201 202 203
202 203
203
204 228 244
205 240 257
206 242 258
207 237 255
208 241 253
209 233 252
210 232 254
211 234 249
212 229 245
213 243 259
214 231 250
215 238 248
216 230 246
217 236 247
218
219 235 251
220 239 256
221 222 223 224 225 226 227 228 240 241 242
222 223 224 225 226 227
223 224 225 226 227
224 225 226 227
225 226 227
226 227
227
228 229 230 231 232 233 234 235 236 237 238 239 240 241 242 243
229 230 231 232 233 234 235 236 237 238 239 240 241 242 243
230 231 232 233 234 235 236 237 238 239 240 241 242 243
231 232 233 234 235 236 237 238 239 240 241 242 243
232 233 234 235 236 237 238 239 240 241 242 243
233 234 235 236 237 238 239 240 241 242 243
234 235 236 237 238 239 240 241 242 243
235 236 237 238 239 240 241 242 243
236 237 238 239 240 241 242 243
237 238 239 240 241 242 243
238 239 240 241 242 243
239 240 241 242 243
240 241 242 243
241 242 243
242 243
243
244 245 246 247 248 249 250 251 252 253 254 255 256 257 258 259
245 246 247 248 249 250 251 252 253 254 255 256 257 258 259
246 247 248 249 250 251 252 253 254 255 256 257 258 259
247 248 249 250 251 252 253 254 255 256 257 258 259
248 249 250 251 252 253 254 255 256 257 258 259
249 250 251 252 253 254 255 256 257 258 259
250 251 252 253 254 255 256 257 258 259
251 252 253 254 255 256 257 258 259
252 253 254 255 256 257 258 259
253 254 255 256 257 258 259
254 255 256 257 258 259
255 256 257 258 259
256 257 258 259
257 258 259
258 259
259
